0, 0, 0, 0.00170168
50, 0.000502884, 1697.45, 0.0857774
100, 4.24393e-05, 781.202, 0.0788638
150, 0.000452852, 3086.8, 0.165835
200, 0.000768503, 3924.29, 0.163874
250, 0.000346326, 9568.91, 0.215578
300, 0.012548, 63184.6, 0.315569
350, 0.000579032, 13245.7, 0.230307
400, 1.78386, 384669, 0.309289
450, 0.00347138, 36436.6, 0.512528
500, 0.0016121, 27573.1, 0.569624
550, 0.000224754, 26691.6, 0.453183
600, 0.0110707, 458339, 0.509792
650, 0.0270442, 112368, 0.507946
700, 0.0067156, 47624.7, 0.822588
750, 0.00208381, 43330.5, 0.826129
800, 0.0874439, 152280, 0.908846
850, 0.00176951, 47160.2, 0.730646
900, 0.0209723, 236960, 0.891665
950, 0.00890354, 64039.5, 1.21794
1000, 0.0125753, 68866.8, 1.39948
1050, 0.0352651, 117289, 1.19507
1100, 4.59653, 2.58826e+06, 1.33009
1150, 0.0126784, 526563, 1.77849
1200, 0.0028679, 168560, 1.30199
1250, 0.00426464, 623179, 1.39434
1300, 0.158987, 309173, 1.7882
1350, 0.00128007, 96720.4, 1.46088
1400, 0.215254, 588302, 1.83196
1450, 0.00493986, 180176, 1.67389
1500, 0.0021527, 122428, 1.59268
1550, 0.0131748, 94691.6, 2.11872
1600, 0.1834, 1.43713e+06, 2.34708
1650, 0.00266096, 394880, 2.20807
1700, 0.219289, 1.23457e+06, 2.22356
1750, 0.0321364, 139734, 2.56772
1800, 0.00443095, 115959, 2.84061
1850, 0.0129337, 193639, 3.34596
1900, 0.526006, 1.52935e+06, 3.54462
1950, 0.0498629, 490382, 3.74966
2000, 0.0195494, 118135, 4.19181
2050, 0.0200101, 254245, 5.09013
2100, 0.498552, 3.80609e+06, 5.02564
2150, 0.0184012, 166257, 4.57417
2200, 0.0154716, 183659, 4.89933
2250, 0.0107816, 346531, 5.25502
2300, 0.0121605, 204801, 5.4032
2350, 0.01318, 759818, 5.62596
2400, 0.00171113, 255133, 6.31199
2450, 12.1553, 1.20638e+07, 6.68
2500, 0.0575901, 337882, 6.45441
2550, 0.00312919, 620444, 7.30171
2600, 0.0130728, 325582, 7.03494
2650, 0.183942, 558854, 7.07274
2700, 0.0449226, 197120, 9.07836
2750, 0.0484402, 231262, 9.34948
2800, 0.0206507, 259925, 8.7195
2850, 0.635278, 2.81301e+06, 10.2581
2900, 0.584367, 1.74577e+06, 11.7572
2950, 0.158081, 2.36319e+06, 12.4119
3000, 0.0452312, 302511, 13.9817
3050, 0.362791, 372625, 14.6568
3100, 0.626575, 801607, 13.9322
3150, 0.0162918, 202054, 13.5196
3200, 0.200939, 1.34346e+06, 16.065
3250, 1.55923, 2.01113e+07, 16.1865
3300, 0.0551197, 794379, 17.8284
3350, 0.103991, 2.89904e+06, 18.7282
3400, 0.00310492, 499014, 19.7062
3450, 0.0172119, 330734, 20.3694
3500, 0.13484, 358347, 20.4834
3550, 3.55928, 6.33579e+06, 19.6506
3600, 0.176366, 1.17987e+06, 20.1456
3650, 0.0426665, 458973, 20.5781
3700, 0.017548, 262836, 21.3614
3750, 0.357257, 1.05733e+06, 16.9776
3800, 0.0951299, 4.44882e+06, 21.5788
3850, 1.30487, 5.07811e+06, 22.6827
3900, 0.100638, 1.08253e+06, 25.6122
3950, 1.68174, 5.02361e+06, 25.0119
4000, 0.531574, 2.19255e+06, 25.6884
4050, 1.8363, 3.61327e+06, 25.7313
4100, 0.076882, 1.95027e+06, 25.6803
4150, 0.174319, 1.84469e+06, 27.7212
4200, 0.127313, 590160, 27.2603
4250, 0.151758, 3.6212e+06, 29.3086
4300, 0.0162424, 730692, 29.5273
4350, 0.0770646, 494956, 26.9964
4400, 0.224474, 2.47503e+06, 29.4628
4450, 0.0837674, 904893, 30.8205
4500, 0.194687, 4.38201e+06, 32.6249
4550, 0.204254, 1.78885e+06, 31.8195
4600, 0.37265, 3.32183e+06, 34.192
4650, 0.0371579, 708360, 35.2076
4700, 0.907395, 4.65412e+06, 35.6088
4750, 0.00713761, 529074, 36.29
4800, 0.939737, 1.49372e+06, 36.034
4850, 1.54984, 2.48617e+06, 34.4978
4900, 0.0848635, 5.42299e+06, 36.6332
4950, 0.0179342, 736533, 40.8222
