0, 0, 0, 2.7621e-05
50, 0.000502884, 1697.45, 0.000293551
100, 4.24393e-05, 781.202, 0.00138193
150, 0.000452852, 3086.8, 0.00557074
200, 0.000768503, 3924.29, 0.00888239
250, 0.000346326, 9568.91, 0.0150672
300, 0.012548, 63184.6, 0.0186018
350, 0.000579032, 13245.7, 0.0224518
400, 1.78386, 384669, 0.0259598
450, 0.00347138, 36436.6, 0.0360369
500, 0.0016121, 27573.1, 0.0485866
550, 0.000224754, 26691.6, 0.0650027
600, 0.0110707, 458339, 0.0848136
650, 0.0270442, 112368, 0.111679
700, 0.0067156, 47624.7, 0.138481
750, 0.00208381, 43330.5, 0.178704
800, 0.0874439, 152280, 0.211143
850, 0.00176951, 47160.2, 0.252291
900, 0.0209723, 236960, 0.301581
950, 0.00890354, 64039.5, 0.352581
1000, 0.0125753, 68866.8, 0.420941
1050, 0.0352651, 117289, 0.507983
1100, 4.59653, 2.58826e+06, 0.56074
1150, 0.0126784, 526563, 0.62874
1200, 0.0028679, 168560, 0.715406
1250, 0.00426464, 623179, 0.817445
1300, 0.158987, 309173, 0.945867
1350, 0.00128007, 96720.4, 1.0097
1400, 0.215254, 588302, 1.1786
1450, 0.00493986, 180176, 1.31024
1500, 0.0021527, 122428, 1.46366
1550, 0.0131748, 94691.6, 1.72098
1600, 0.1834, 1.43713e+06, 1.89716
1650, 0.00266096, 394880, 2.11994
1700, 0.219289, 1.23457e+06, 2.44892
1750, 0.0321364, 139734, 2.73545
1800, 0.00443095, 115959, 3.16886
1850, 0.0129337, 193639, 3.56649
1900, 0.526006, 1.52935e+06, 3.94274
1950, 0.0498629, 490382, 4.36795
2000, 0.0195494, 118135, 4.95218
2050, 0.0200101, 254245, 4.02982
2100, 0.498552, 3.80609e+06, 5.98144
2150, 0.0184012, 166257, 6.21024
2200, 0.0154716, 183659, 7.32904
2250, 0.0107816, 346531, 7.95949
2300, 0.0121605, 204801, 8.61506
2350, 0.01318, 759818, 9.40368
2400, 0.00171113, 255133, 10.123
2450, 12.1553, 1.20638e+07, 10.9384
2500, 0.0575901, 337882, 11.6905
2550, 0.00312919, 620444, 12.508
2600, 0.0130728, 325582, 13.5344
2650, 0.183942, 558854, 14.3591
2700, 0.0449226, 197120, 15.3146
2750, 0.0484402, 231262, 16.341
2800, 0.0206507, 259925, 17.383
2850, 0.635278, 2.81301e+06, 18.7109
2900, 0.584367, 1.74577e+06, 19.7609
2950, 0.158081, 2.36319e+06, 20.0556
3000, 0.0452312, 302511, 20.4931
3050, 0.362791, 372625, 21.5204
3100, 0.626575, 801607, 23.9875
3150, 0.0162918, 202054, 25.1337
3200, 0.200939, 1.34346e+06, 26.5575
3250, 1.55923, 2.01113e+07, 27.4307
3300, 0.0551197, 794379, 29.2965
3350, 0.103991, 2.89904e+06, 30.6902
3400, 0.00310492, 499014, 29.9504
3450, 0.0172119, 330734, 34.7608
3500, 0.13484, 358347, 36.0632
3550, 3.55928, 6.33579e+06, 36.7374
3600, 0.176366, 1.17987e+06, 37.8272
3650, 0.0426665, 458973, 37.8158
3700, 0.017548, 262836, 40.1832
3750, 0.357257, 1.05733e+06, 42.4682
3800, 0.0951299, 4.44882e+06, 43.4754
3850, 1.30487, 5.07811e+06, 45.3053
3900, 0.100638, 1.08253e+06, 48.8979
3950, 1.68174, 5.02361e+06, 50.4608
4000, 0.531574, 2.19255e+06, 52.2016
4050, 1.8363, 3.61327e+06, 52.1084
4100, 0.076882, 1.95027e+06, 57.0101
4150, 0.174319, 1.84469e+06, 56.2434
4200, 0.127313, 590160, 60.8695
4250, 0.151758, 3.6212e+06, 59.748
4300, 0.0162424, 730692, 66.1296
4350, 0.0770646, 494956, 66.4551
4400, 0.224474, 2.47503e+06, 68.8511
4450, 0.0837674, 904893, 73.5334
4500, 0.194687, 4.38201e+06, 73.6483
4550, 0.204254, 1.78885e+06, 77.4291
4600, 0.37265, 3.32183e+06, 80.9631
4650, 0.0371579, 708360, 79.4616
4700, 0.907395, 4.65412e+06, 79.2812
4750, 0.00713761, 529074, 86.7622
4800, 0.939737, 1.49372e+06, 90.1875
4850, 1.54984, 2.48617e+06, 91.4343
4900, 0.0848635, 5.42299e+06, 97.2801
4950, 0.0179342, 736533, 98.7637
